,FIPS,pct_less_HS,pct_HS,pct_some_college,pct_college
0,0,12.0,27.0,28.9,32.1
1,1000,13.8,30.8,29.9,25.5
2,1001,11.5,33.6,28.4,26.6
3,1003,9.2,27.7,31.3,31.9
4,1005,26.8,35.6,26.0,11.6
5,1007,20.9,44.9,23.8,10.4
6,1009,19.5,33.4,34.0,13.1
7,1011,25.3,40.3,22.3,12.1
8,1013,15.0,45.2,23.7,16.1
9,1015,15.6,32.8,33.2,18.5
10,1017,18.4,36.7,31.6,13.3
11,1019,18.4,40.3,28.6,12.8
12,1021,18.2,44.4,24.6,12.7
13,1023,18.6,37.7,31.8,11.9
14,1025,19.4,41.8,26.6,12.2
15,1027,23.3,37.8,28.3,10.6
16,1029,21.0,38.0,25.6,15.4
17,1031,14.1,27.2,35.9,22.8
18,1033,14.8,37.8,29.2,18.1
19,1035,15.7,51.1,20.4,12.8
20,1037,20.0,40.3,26.9,12.8
21,1039,16.6,37.3,30.8,15.3
22,1041,20.8,39.5,22.3,17.4
23,1043,18.4,34.1,33.6,13.9
24,1045,13.9,32.3,35.7,18.1
25,1047,18.2,35.9,31.2,14.7
26,1049,25.2,34.2,27.6,13.0
27,1051,13.4,32.5,29.1,25.1
28,1053,18.9,43.7,24.9,12.5
29,1055,15.4,32.9,33.9,17.8
30,1057,17.4,41.3,28.9,12.4
31,1059,22.8,36.6,26.6,14.0
32,1061,19.7,36.0,31.8,12.5
33,1063,20.8,38.6,30.5,10.1
34,1065,16.0,43.4,26.4,14.2
35,1067,20.6,32.6,29.8,17.1
36,1069,14.0,31.2,33.1,21.7
37,1071,16.8,41.0,28.2,14.0
38,1073,9.9,26.4,30.3,33.4
39,1075,17.7,39.8,30.6,11.9
40,1077,12.6,36.0,27.9,23.5
41,1079,20.7,41.2,25.5,12.6
42,1081,9.1,23.7,31.8,35.3
43,1083,15.3,30.4,28.6,25.7
44,1085,21.7,39.6,24.0,14.7
45,1087,18.2,30.2,31.2,20.4
46,1089,8.3,20.6,28.3,42.8
47,1091,16.2,38.0,29.8,16.1
48,1093,20.4,34.8,32.0,12.8
49,1095,18.4,31.1,31.1,19.4
50,1097,13.5,34.0,29.3,23.2
51,1099,14.4,47.2,24.9,13.5
52,1101,13.3,25.0,28.4,33.4
53,1103,15.9,30.4,31.3,22.4
54,1105,17.2,36.9,23.1,22.8
55,1107,18.5,37.2,30.2,14.1
56,1109,15.0,35.7,25.5,23.7
57,1111,20.4,34.9,28.2,16.5
58,1113,16.2,31.4,34.6,17.8
59,1115,15.4,35.6,32.9,16.1
60,1117,7.3,19.8,29.9,42.9
61,1119,13.3,35.4,29.8,21.6
62,1121,19.7,33.7,31.6,15.0
63,1123,19.3,32.7,29.5,18.4
64,1125,11.7,29.9,27.7,30.7
65,1127,18.2,37.5,33.0,11.3
66,1129,17.4,43.1,26.9,12.7
67,1131,23.5,39.5,24.5,12.5
68,1133,21.2,38.2,27.8,12.8
69,2000,7.2,28.0,35.3,29.6
70,2010,,,,
71,2013,14.5,43.5,30.5,11.5
72,2016,10.5,39.0,33.4,17.0
73,2020,6.1,23.4,34.4,36.1
74,2050,19.1,46.4,22.6,11.9
75,2060,6.0,37.0,34.5,22.5
76,2068,1.5,26.0,31.4,41.1
77,2070,13.7,37.2,27.0,22.1
78,2090,5.5,22.6,40.5,31.4
79,2100,2.5,30.2,33.6,33.8
80,2105,6.3,38.5,33.9,21.3
81,2110,3.6,21.6,36.4,38.4
82,2122,7.3,31.2,36.8,24.6
83,2130,7.2,29.7,37.8,25.3
84,2150,10.2,29.7,32.1,28.0
85,2158,21.1,56.0,19.0,3.9
86,2160,,,,
87,2164,12.0,44.2,27.7,16.1
88,2170,7.1,33.1,38.3,21.6
89,2180,15.4,41.1,27.3,16.1
90,2185,10.3,43.0,30.2,16.5
91,2188,17.5,46.7,22.6,13.2
92,2195,10.3,31.7,29.6,28.4
93,2198,9.2,37.9,34.6,18.3
94,2201,,,,
95,2220,5.3,27.4,34.0,33.4
96,2230,5.3,29.2,35.9,29.6
97,2231,,,,
98,2232,,,,
99,2240,10.1,34.2,35.9,19.7
100,2250,,,,
101,2261,4.6,30.8,33.7,30.8
102,2275,13.5,35.3,31.8,19.4
103,2280,,,,
104,2282,8.8,33.5,35.1,22.6
105,2290,14.0,40.2,32.2,13.6
106,4000,12.9,23.9,33.8,29.5
107,4001,19.6,32.2,35.9,12.3
108,4003,12.6,24.1,40.2,23.1
109,4005,9.5,22.0,32.3,36.2
110,4007,13.7,27.9,39.7,18.7
111,4009,14.7,28.7,41.4,15.2
112,4011,11.9,34.7,39.8,13.5
113,4012,23.1,31.1,33.8,12.0
114,4013,12.3,22.4,32.6,32.7
115,4015,13.9,35.3,37.8,12.9
116,4017,16.6,30.3,37.8,15.3
117,4019,11.6,22.2,33.8,32.4
118,4021,14.2,29.3,37.0,19.5
119,4023,23.4,28.7,27.5,20.4
120,4025,9.0,25.8,39.3,25.9
121,4027,26.7,25.7,32.5,15.0
122,5000,13.4,34.0,29.5,23.0
123,5001,16.1,38.9,29.2,15.8
124,5003,16.7,43.7,27.3,12.3
125,5005,11.3,36.3,34.5,17.9
126,5007,11.4,29.2,26.1,33.4
127,5009,12.6,33.4,37.9,16.1
128,5011,19.0,41.3,25.4,14.3
129,5013,15.8,44.7,28.1,11.4
130,5015,13.7,35.9,29.1,21.2
131,5017,19.2,38.1,26.8,15.9
132,5019,10.0,30.2,33.1,26.6
133,5021,17.5,41.9,28.0,12.6
134,5023,14.1,42.8,27.6,15.5
135,5025,10.4,46.6,26.8,16.2
136,5027,14.1,41.7,24.5,19.6
137,5029,13.0,43.8,27.6,15.6
138,5031,10.7,34.6,28.5,26.2
139,5033,15.0,37.3,31.7,16.0
140,5035,17.4,34.8,30.4,17.4
141,5037,16.4,41.5,27.7,14.4
142,5039,16.1,44.1,28.0,11.9
143,5041,18.9,44.6,22.4,14.1
144,5043,13.1,35.3,28.8,22.8
145,5045,8.2,30.5,30.8,30.6
146,5047,16.3,41.0,30.6,12.1
147,5049,14.4,35.8,37.5,12.2
148,5051,10.9,31.4,36.0,21.6
149,5053,9.2,43.8,28.3,18.7
150,5055,11.8,45.9,26.2,16.2
151,5057,17.4,36.8,30.7,15.1
152,5059,14.2,39.0,33.5,13.3
153,5061,14.8,38.4,33.3,13.6
154,5063,14.0,37.6,30.9,17.5
155,5065,16.2,38.0,32.7,13.1
156,5067,19.8,42.5,27.5,10.1
157,5069,13.9,38.9,29.3,18.0
158,5071,21.1,40.7,22.9,15.4
159,5073,20.3,40.2,23.7,15.8
160,5075,15.9,38.6,30.1,15.4
161,5077,24.2,40.4,24.7,10.7
162,5079,18.9,47.3,24.1,9.7
163,5081,11.0,44.7,31.8,12.5
164,5083,13.8,45.1,27.8,13.3
165,5085,10.9,36.7,31.8,20.6
166,5087,19.4,43.9,22.6,14.2
167,5089,13.5,37.5,31.9,17.1
168,5091,13.5,35.3,34.4,16.8
169,5093,18.9,38.8,28.5,13.8
170,5095,21.1,41.3,24.9,12.7
171,5097,20.2,36.4,29.9,13.5
172,5099,9.6,43.0,32.8,14.6
173,5101,13.5,35.4,30.6,20.5
174,5103,14.0,41.6,30.0,14.5
175,5105,15.2,41.7,30.5,12.7
176,5107,19.7,31.9,34.6,13.8
177,5109,12.6,38.1,32.0,17.3
178,5111,19.7,43.1,26.2,11.1
179,5113,15.1,36.5,34.3,14.1
180,5115,15.5,35.2,26.5,22.8
181,5117,16.8,39.9,27.8,15.4
182,5119,9.6,26.0,30.1,34.3
183,5121,17.1,36.1,32.9,13.8
184,5123,18.1,37.6,33.9,10.4
185,5125,9.4,31.4,32.6,26.7
186,5127,20.9,40.8,29.1,9.3
187,5129,18.2,40.2,29.7,11.9
188,5131,15.9,31.0,31.7,21.3
189,5133,23.5,37.5,26.3,12.8
190,5135,16.5,40.9,32.4,10.2
191,5137,18.8,34.9,32.4,13.9
192,5139,15.1,35.5,28.3,21.1
193,5141,14.9,42.6,28.0,14.5
194,5143,15.0,25.7,26.0,33.3
195,5145,15.6,39.3,24.2,20.9
196,5147,18.3,43.8,23.9,14.0
197,5149,21.8,40.0,25.3,12.8
198,6000,16.7,20.5,28.9,33.9
199,6001,11.6,17.6,23.5,47.4
200,6003,8.8,28.1,28.6,34.5
201,6005,10.0,27.5,43.3,19.3
202,6007,10.8,22.5,39.5,27.2
203,6009,9.8,28.0,43.9,18.3
204,6011,28.7,26.2,30.0,15.0
205,6013,10.5,17.3,29.9,42.4
206,6015,19.9,31.0,34.2,14.8
207,6017,6.6,21.3,37.9,34.3
208,6019,24.0,22.7,32.1,21.2
209,6021,25.2,27.2,33.4,14.2
210,6023,9.5,22.2,37.9,30.4
211,6025,30.3,24.3,30.2,15.2
212,6027,11.4,28.6,32.8,27.2
213,6029,25.9,27.8,29.9,16.4
214,6031,26.6,25.3,33.4,14.7
215,6033,14.2,30.5,39.7,15.5
216,6035,16.8,34.5,35.7,12.9
217,6037,20.9,20.6,26.0,32.5
218,6039,28.1,24.9,32.5,14.6
219,6041,6.7,10.5,23.3,59.5
220,6043,9.4,24.4,41.7,24.6
221,6045,13.5,25.0,37.1,24.4
222,6047,30.9,25.3,30.1,13.8
223,6049,15.2,33.0,36.6,15.2
224,6051,11.4,24.2,35.5,28.8
225,6053,28.5,20.3,26.5,24.7
226,6055,14.5,17.8,32.0,35.7
227,6057,5.6,18.4,38.8,37.2
228,6059,14.5,17.2,27.7,40.6
229,6061,5.5,18.0,36.8,39.7
230,6063,4.9,26.1,45.3,23.7
231,6065,18.0,26.9,32.9,22.3
232,6067,12.3,22.4,34.5,30.9
233,6069,19.5,24.8,36.0,19.7
234,6071,20.0,26.3,32.7,21.0
235,6073,12.6,18.2,30.4,38.8
236,6075,11.5,12.1,18.4,58.1
237,6077,20.7,28.3,32.2,18.8
238,6079,8.7,19.9,36.0,35.4
239,6081,10.4,14.9,23.8,51.0
240,6083,19.1,17.8,29.0,34.2
241,6085,11.6,14.1,21.9,52.4
242,6087,13.7,15.5,30.0,40.8
243,6089,8.9,25.4,43.5,22.2
244,6091,7.6,31.7,42.8,17.9
245,6093,9.8,25.5,41.6,23.2
246,6095,11.6,23.8,37.7,26.9
247,6097,11.2,18.7,34.5,35.5
248,6099,21.1,29.3,32.5,17.1
249,6101,21.8,23.3,36.6,18.2
250,6103,15.5,30.1,38.7,15.7
251,6105,7.6,34.8,38.0,19.5
252,6107,29.2,25.5,30.7,14.6
253,6109,9.3,28.3,41.9,20.5
254,6111,15.0,19.2,32.1,33.8
255,6113,13.5,18.1,27.0,41.4
256,6115,17.7,23.6,41.6,17.1
257,8000,8.3,21.4,29.5,40.9
258,8001,16.2,28.6,30.9,24.3
259,8003,13.1,28.5,33.3,25.0
260,8005,7.4,20.8,29.0,42.8
261,8007,7.7,21.0,34.2,37.2
262,8009,13.8,28.0,36.8,21.4
263,8011,15.2,48.7,24.6,11.4
264,8013,5.0,11.7,21.2,62.1
265,8014,3.1,14.5,26.7,55.7
266,8015,6.5,27.0,32.7,33.8
267,8017,8.4,36.8,35.7,19.2
268,8019,1.4,21.9,28.7,48.1
269,8021,12.0,33.9,33.0,21.0
270,8023,19.0,24.5,37.2,19.3
271,8025,13.9,42.6,34.5,9.0
272,8027,6.4,20.8,40.3,32.5
273,8029,9.3,38.3,30.7,21.7
274,8031,12.0,16.8,21.7,49.4
275,8033,6.2,36.2,33.5,24.1
276,8035,1.9,12.0,28.1,58.0
277,8037,11.7,15.2,25.9,47.2
278,8039,3.3,24.1,36.8,35.8
279,8041,5.8,20.4,35.3,38.5
280,8043,9.9,39.3,32.3,18.5
281,8045,11.9,27.0,30.1,31.0
282,8047,1.5,21.4,37.5,39.6
283,8049,5.4,26.8,29.8,38.0
284,8051,2.6,15.9,25.3,56.2
285,8053,6.3,22.8,25.3,45.7
286,8055,7.6,29.6,41.6,21.1
287,8057,12.6,28.1,39.2,20.0
288,8059,5.5,20.3,29.1,45.2
289,8061,4.3,35.6,38.7,21.4
290,8063,10.5,37.6,33.2,18.7
291,8065,16.3,25.8,25.6,32.3
292,8067,4.5,20.0,31.3,44.2
293,8069,4.1,19.0,29.6,47.3
294,8071,12.1,29.5,38.8,19.5
295,8073,9.1,54.5,23.9,12.6
296,8075,10.4,33.7,35.6,20.2
297,8077,9.5,27.6,34.7,28.2
298,8079,2.6,15.8,35.2,46.5
299,8081,11.3,38.8,32.4,17.6
300,8083,10.0,29.3,31.2,29.6
301,8085,11.0,31.4,32.4,25.2
302,8087,21.1,31.3,30.1,17.5
303,8089,12.8,31.9,36.7,18.6
304,8091,2.2,15.9,34.1,47.8
305,8093,2.3,30.9,37.0,29.8
306,8095,11.5,33.1,31.6,23.8
307,8097,3.1,17.0,19.1,60.8
308,8099,19.5,26.1,36.1,18.3
309,8101,10.3,29.1,38.8,21.8
310,8103,8.1,31.5,37.6,22.7
311,8105,13.0,32.1,30.5,24.5
312,8107,3.2,20.2,26.8,49.8
313,8109,16.9,30.5,30.4,22.1
314,8111,6.2,25.8,32.4,35.7
315,8113,3.2,15.3,22.1,59.4
316,8115,13.0,29.1,38.4,19.5
317,8117,7.1,18.0,22.6,52.4
318,8119,2.8,23.2,36.3,37.7
319,8121,8.1,34.5,42.0,15.4
320,8123,11.9,27.3,33.2,27.5
321,8125,11.4,34.4,32.4,21.8
322,9000,9.4,26.9,24.5,39.3
323,9001,10.0,21.5,20.6,47.9
324,9003,10.3,26.6,25.0,38.1
325,9005,7.0,29.9,27.7,35.4
326,9007,5.8,25.8,26.2,42.2
327,9009,9.9,30.7,24.4,35.0
328,9011,7.7,29.5,29.5,33.3
329,9013,5.0,27.0,26.2,41.8
330,9015,11.6,33.2,30.9,24.3
331,10000,10.0,31.3,26.7,32.0
332,10001,12.6,32.9,30.8,23.7
333,10003,8.4,30.8,24.6,36.2
334,10005,11.9,31.2,28.7,28.3
335,11000,9.1,16.8,15.5,58.5
336,11001,9.1,16.8,15.5,58.5
337,12000,11.8,28.6,29.7,29.9
338,12001,7.4,21.2,28.1,43.3
339,12003,14.3,42.6,29.9,13.2
340,12005,9.3,31.0,35.9,23.7
341,12007,20.4,40.4,29.4,9.9
342,12009,7.8,28.3,33.8,30.2
343,12011,11.0,27.3,29.2,32.4
344,12013,23.1,41.6,25.8,9.5
345,12015,9.4,34.6,32.6,23.4
346,12017,11.6,37.2,32.9,18.3
347,12019,8.2,31.0,35.8,24.9
348,12021,12.9,25.8,24.9,36.4
349,12023,13.9,36.7,34.6,14.9
350,12027,26.5,43.8,18.2,11.5
351,12029,21.6,43.3,24.8,10.4
352,12031,10.2,27.8,31.9,30.0
353,12033,9.5,27.2,36.7,26.5
354,12035,7.8,34.3,32.8,25.1
355,12037,19.3,34.6,27.3,18.8
356,12039,20.2,36.2,27.4,16.2
357,12041,14.6,42.1,29.9,13.4
358,12043,25.5,38.2,25.1,11.2
359,12045,14.5,35.8,30.4,19.2
360,12047,27.0,45.4,19.8,7.9
361,12049,22.8,49.1,17.8,10.2
362,12051,33.7,33.7,24.3,8.3
363,12053,12.1,35.2,34.2,18.4
364,12055,14.3,38.8,29.8,17.2
365,12057,11.3,27.1,28.0,33.5
366,12059,21.3,40.7,27.3,10.7
367,12061,10.6,30.4,29.8,29.1
368,12063,19.5,38.4,29.5,12.6
369,12065,18.0,34.7,25.0,22.3
370,12067,24.7,38.9,24.6,11.8
371,12069,10.5,32.1,33.4,24.0
372,12071,11.6,31.0,29.2,28.2
373,12073,6.5,19.0,28.3,46.2
374,12075,15.1,41.1,31.6,12.2
375,12077,18.6,45.8,21.2,14.4
376,12079,19.0,39.7,27.3,14.0
377,12081,10.3,30.1,29.9,29.8
378,12083,12.4,36.9,30.6,20.1
379,12085,9.0,24.9,32.0,34.1
380,12086,18.6,27.3,24.4,29.8
381,12087,8.6,26.7,30.3,34.4
382,12089,8.7,31.7,30.0,29.6
383,12091,7.6,24.7,36.5,31.1
384,12093,22.8,39.5,26.3,11.3
385,12095,11.5,24.4,29.6,34.6
386,12097,13.3,31.3,33.7,21.8
387,12099,11.5,24.0,27.8,36.7
388,12101,10.5,33.2,32.2,24.0
389,12103,8.7,28.0,31.6,31.7
390,12105,15.0,34.7,30.1,20.2
391,12107,18.2,41.2,28.3,12.3
392,12109,5.2,21.4,28.7,44.7
393,12111,13.7,33.2,31.5,21.6
394,12113,8.7,26.8,36.8,27.7
395,12115,6.9,28.9,28.8,35.4
396,12117,5.7,21.1,33.6,39.6
397,12119,7.9,30.4,30.0,31.8
398,12121,17.7,38.9,27.9,15.5
399,12123,21.2,43.8,26.6,8.3
400,12125,23.5,37.4,29.9,9.2
401,12127,9.5,31.8,35.0,23.7
402,12129,12.3,36.2,33.2,18.3
403,12131,10.9,28.5,32.1,28.5
404,12133,18.7,40.1,28.6,12.5
405,13000,12.9,27.7,28.1,31.3
406,13001,25.1,38.7,26.4,9.8
407,13003,32.8,34.7,20.3,12.2
408,13005,17.9,42.4,29.2,10.5
409,13007,19.4,37.9,29.8,12.9
410,13009,14.2,35.0,27.5,23.3
411,13011,24.1,38.0,24.5,13.4
412,13013,15.5,34.1,31.4,19.0
413,13015,16.4,33.4,31.6,18.6
414,13017,16.5,45.3,27.0,11.2
415,13019,21.0,42.4,25.2,11.4
416,13021,14.0,30.5,30.1,25.4
417,13023,11.4,40.9,28.9,18.7
418,13025,21.1,44.6,25.4,8.9
419,13027,14.9,35.0,32.4,17.8
420,13029,8.4,24.3,34.2,33.1
421,13031,12.7,27.2,33.2,27.0
422,13033,19.9,38.3,28.5,13.2
423,13035,19.4,44.7,23.7,12.2
424,13037,27.1,36.7,27.1,9.1
425,13039,8.7,32.2,35.3,23.9
426,13043,22.7,37.3,27.0,13.0
427,13045,15.4,33.4,30.2,21.1
428,13047,12.5,32.9,33.2,21.4
429,13049,25.9,40.1,25.2,8.8
430,13051,10.1,24.2,32.1,33.6
431,13053,5.7,28.3,36.5,29.5
432,13055,26.2,40.1,24.8,8.9
433,13057,7.9,22.4,31.5,38.2
434,13059,12.0,19.9,24.1,44.0
435,13061,20.0,36.3,31.2,12.5
436,13063,15.2,33.6,31.7,19.5
437,13065,30.8,33.9,25.3,10.0
438,13067,7.9,18.5,26.2,47.4
439,13069,24.3,37.2,25.5,13.0
440,13071,25.3,38.8,23.1,12.8
441,13073,7.3,23.8,32.6,36.4
442,13075,20.9,36.3,29.3,13.5
443,13077,10.8,28.6,30.3,30.3
444,13079,16.9,40.0,32.6,10.5
445,13081,17.2,37.6,31.1,14.1
446,13083,19.3,37.7,27.9,15.2
447,13085,12.8,29.1,27.5,30.6
448,13087,17.5,36.7,32.0,13.8
449,13089,10.7,20.9,24.3,44.2
450,13091,14.4,44.2,27.1,14.3
451,13093,22.3,41.1,24.5,12.1
452,13095,16.6,30.2,31.8,21.4
453,13097,12.2,30.4,29.3,28.2
454,13099,19.6,37.1,28.2,15.1
455,13101,25.8,41.9,22.5,9.7
456,13103,11.7,37.5,30.8,20.0
457,13105,21.6,40.9,25.9,11.6
458,13107,21.4,40.8,24.7,13.0
459,13109,23.8,38.9,21.6,15.8
460,13111,13.4,33.5,31.3,21.8
461,13113,4.7,20.9,28.2,46.2
462,13115,17.6,34.3,27.2,20.9
463,13117,7.0,15.6,24.3,53.1
464,13119,17.7,39.4,27.0,15.9
465,13121,7.4,17.7,22.0,52.9
466,13123,18.3,35.4,25.9,20.4
467,13125,21.8,40.9,25.7,11.6
468,13127,11.9,26.7,31.5,29.9
469,13129,22.1,34.9,28.3,14.7
470,13131,19.9,39.2,27.0,13.9
471,13133,14.7,33.4,25.1,26.9
472,13135,12.3,22.3,28.4,36.9
473,13137,20.4,34.7,25.6,19.3
474,13139,20.9,27.7,26.9,24.5
475,13141,25.8,43.1,22.4,8.6
476,13143,18.8,36.1,30.4,14.8
477,13145,7.8,23.7,37.1,31.4
478,13147,18.5,36.9,28.9,15.7
479,13149,20.3,45.1,25.8,8.7
480,13151,8.8,31.7,31.1,28.5
481,13153,8.4,27.0,36.2,28.3
482,13155,18.5,40.2,26.1,15.1
483,13157,15.9,32.1,29.2,22.7
484,13159,17.2,38.1,30.4,14.2
485,13161,20.7,38.7,30.3,10.3
486,13163,23.6,41.8,24.7,9.9
487,13165,20.7,44.8,26.6,7.9
488,13167,24.9,45.9,20.1,9.1
489,13169,10.9,39.2,30.3,19.6
490,13171,13.0,39.4,31.8,15.8
491,13173,20.0,37.9,25.6,16.5
492,13175,14.1,43.1,26.5,16.2
493,13177,9.1,29.8,35.7,25.4
494,13179,9.3,31.6,40.9,18.3
495,13181,17.9,39.7,26.6,15.9
496,13183,12.3,34.7,35.5,17.4
497,13185,13.4,31.4,29.9,25.3
498,13187,15.2,30.4,28.0,26.4
499,13189,16.6,41.6,27.7,14.0
500,13191,14.8,37.4,30.2,17.6
501,13193,26.4,34.8,30.1,8.8
502,13195,16.8,39.8,24.9,18.5
503,13197,22.2,35.5,28.9,13.4
504,13199,20.3,39.8,29.5,10.4
505,13201,17.4,36.5,32.1,14.0
506,13205,22.8,39.5,28.0,9.7
507,13207,14.3,33.3,25.6,26.8
508,13209,18.3,38.1,27.7,16.0
509,13211,12.3,36.0,30.9,20.7
510,13213,29.3,37.4,23.2,10.1
511,13215,12.0,27.4,34.9,25.8
512,13217,13.4,33.8,33.1,19.8
513,13219,5.5,19.3,22.9,52.3
514,13221,20.3,38.9,23.8,17.1
515,13223,10.6,32.9,33.8,22.6
516,13225,17.0,29.8,32.6,20.5
517,13227,14.7,31.5,30.7,23.1
518,13229,16.6,42.8,28.1,12.6
519,13231,11.8,41.8,29.3,17.1
520,13233,21.2,37.9,27.2,13.7
521,13235,18.9,36.8,31.1,13.2
522,13237,12.4,37.6,26.6,23.4
523,13239,35.3,35.4,22.2,7.1
524,13241,15.2,33.1,27.5,24.2
525,13243,25.5,35.8,28.5,10.3
526,13245,15.9,31.4,31.4,21.4
527,13247,11.2,31.5,31.0,26.3
528,13249,12.4,34.8,39.4,13.3
529,13251,16.5,41.5,26.6,15.4
530,13253,14.0,38.3,31.5,16.2
531,13255,18.1,39.8,24.3,17.8
532,13257,17.9,38.6,22.4,21.0
533,13259,31.9,36.4,19.5,12.2
534,13261,18.6,34.7,28.5,18.3
535,13263,17.7,45.5,24.7,12.1
536,13265,29.0,46.2,16.8,8.1
537,13267,24.2,38.1,24.5,13.2
538,13269,21.5,37.5,28.3,12.6
539,13271,29.7,47.2,14.4,8.6
540,13273,22.5,32.3,33.9,11.2
541,13275,15.1,31.5,28.6,24.7
542,13277,18.1,34.7,29.1,18.1
543,13279,19.9,37.5,26.4,16.2
544,13281,10.1,29.9,30.0,30.1
545,13283,26.3,40.8,20.5,12.4
546,13285,16.6,35.1,29.3,19.0
547,13287,18.8,38.0,31.5,11.7
548,13289,25.8,38.5,23.9,11.8
549,13291,11.0,34.0,32.5,22.5
550,13293,17.7,38.4,30.5,13.4
551,13295,18.0,35.2,30.1,16.6
552,13297,13.1,36.0,29.1,21.7
553,13299,18.6,39.2,27.0,15.2
554,13301,26.8,39.8,21.1,12.3
555,13303,18.7,44.7,24.3,12.3
556,13305,16.6,42.0,28.5,13.0
557,13307,20.7,40.7,23.9,14.7
558,13309,19.2,50.5,16.8,13.6
559,13311,14.8,30.9,31.5,22.7
560,13313,30.5,29.4,24.3,15.7
561,13315,17.9,45.6,24.4,12.2
562,13317,16.3,44.0,25.9,13.8
563,13319,15.6,50.3,23.3,10.9
564,13321,17.1,42.7,29.2,11.0
565,15000,8.0,27.4,31.6,33.0
566,15001,7.7,30.2,32.7,29.4
567,15003,8.1,25.9,31.0,35.0
568,15005,9.7,27.4,38.7,24.2
569,15007,7.5,30.0,33.3,29.2
570,15009,8.0,31.3,33.5,27.2
571,16000,9.2,27.4,35.8,27.6
572,16001,4.8,22.4,34.3,38.5
573,16003,9.8,34.9,34.2,21.2
574,16005,7.5,26.4,38.2,27.8
575,16007,6.5,38.4,36.2,18.9
576,16009,12.4,38.4,33.9,15.2
577,16011,10.8,31.3,36.6,21.2
578,16013,11.3,25.6,27.8,35.4
579,16015,5.7,30.6,36.6,27.1
580,16017,9.2,29.8,37.2,23.8
581,16019,8.0,25.4,35.2,31.3
582,16021,8.2,42.7,29.3,19.8
583,16023,7.2,36.0,40.6,16.2
584,16025,6.7,43.2,33.9,16.3
585,16027,14.9,32.1,34.4,18.7
586,16029,8.8,32.4,39.9,19.0
587,16031,16.4,29.8,35.3,18.6
588,16033,40.2,28.0,19.6,12.2
589,16035,9.6,35.5,37.1,17.9
590,16037,10.6,28.6,36.4,24.4
591,16039,10.1,26.8,44.4,18.7
592,16041,9.7,37.8,34.8,17.7
593,16043,13.4,30.2,34.7,21.7
594,16045,12.2,37.0,33.4,17.5
595,16047,20.9,35.0,26.9,17.2
596,16049,9.5,36.1,34.6,19.8
597,16051,9.8,25.5,40.0,24.7
598,16053,22.8,30.6,30.5,16.1
599,16055,6.8,27.2,40.7,25.2
600,16057,4.2,19.7,30.7,45.4
601,16059,7.9,30.3,38.9,22.9
602,16061,11.5,29.6,40.9,17.9
603,16063,23.4,33.3,33.1,10.3
604,16065,4.1,15.2,44.3,36.4
605,16067,20.8,32.1,33.0,14.1
606,16069,8.0,32.1,37.0,22.9
607,16071,9.8,34.9,38.2,17.1
608,16073,23.9,33.4,30.8,12.0
609,16075,14.3,34.7,35.3,15.7
610,16077,20.8,32.7,31.4,15.1
611,16079,13.8,37.0,37.7,11.5
612,16081,6.2,16.6,36.2,41.0
613,16083,12.9,27.2,39.3,20.6
614,16085,5.4,26.7,37.6,30.4
615,16087,15.0,33.8,34.9,16.3
616,17000,10.8,26.0,28.6,34.7
617,17001,7.5,35.4,32.1,25.0
618,17003,13.5,40.7,32.9,12.9
619,17005,10.8,33.1,33.3,22.9
620,17007,13.8,34.8,27.9,23.5
621,17009,17.0,37.5,31.4,14.1
622,17011,9.2,36.6,33.6,20.6
623,17013,8.4,43.4,33.9,14.2
624,17015,8.8,38.1,33.5,19.5
625,17017,16.0,43.1,25.8,15.1
626,17019,5.0,22.0,28.0,45.0
627,17021,10.3,41.8,30.8,17.1
628,17023,7.2,40.0,33.0,19.9
629,17025,12.0,38.6,34.4,15.0
630,17027,9.9,31.9,35.9,22.3
631,17029,8.6,30.5,34.9,26.0
632,17031,12.9,23.1,25.2,38.8
633,17033,15.0,28.6,39.4,17.1
634,17035,9.4,40.1,35.1,15.4
635,17037,7.7,24.9,35.1,32.3
636,17039,8.5,37.8,32.5,21.3
637,17041,16.8,33.4,31.0,18.9
638,17043,7.0,18.2,25.4,49.4
639,17045,9.9,37.3,35.5,17.2
640,17047,8.0,34.5,43.5,13.9
641,17049,6.9,35.8,34.5,22.7
642,17051,16.2,40.2,32.4,11.3
643,17053,9.6,35.5,33.6,21.4
644,17055,11.1,33.0,39.2,16.7
645,17057,11.4,34.5,36.6,17.6
646,17059,13.1,39.8,36.3,10.9
647,17061,9.4,47.6,30.2,12.8
648,17063,6.8,33.8,36.5,22.9
649,17065,12.9,34.9,35.2,17.0
650,17067,6.6,36.6,35.9,21.0
651,17069,20.4,32.3,36.5,10.8
652,17071,8.8,41.7,31.2,18.3
653,17073,8.8,33.7,34.2,23.3
654,17075,10.5,39.8,33.8,15.9
655,17077,8.1,24.1,33.7,34.1
656,17079,10.2,39.1,34.1,16.6
657,17081,12.6,30.6,38.9,17.9
658,17083,7.7,38.8,33.2,20.3
659,17085,7.7,35.9,31.4,25.0
660,17087,17.8,31.6,34.7,16.0
661,17089,15.4,22.7,28.7,33.1
662,17091,11.8,34.4,33.0,20.8
663,17093,7.6,22.9,33.4,36.2
664,17095,10.9,36.6,33.5,18.9
665,17097,9.4,20.8,24.6,45.3
666,17099,11.4,35.6,35.1,17.8
667,17101,15.1,34.7,35.3,14.9
668,17103,11.2,33.8,36.8,18.2
669,17105,10.1,44.7,30.4,14.8
670,17107,11.3,35.3,33.5,19.9
671,17109,6.4,31.2,30.1,32.2
672,17111,6.9,26.5,32.2,34.4
673,17113,4.1,24.6,26.5,44.8
674,17115,9.6,35.4,32.9,22.1
675,17117,8.7,39.8,33.1,18.4
676,17119,7.5,29.8,35.8,26.8
677,17121,11.0,35.2,38.6,15.2
678,17123,7.1,39.4,34.6,18.9
679,17125,10.8,42.8,30.4,16.0
680,17127,13.2,33.6,39.3,13.9
681,17129,5.9,35.8,34.3,24.0
682,17131,8.1,39.6,35.0,17.4
683,17133,4.0,27.6,33.3,35.0
684,17135,12.3,39.3,31.7,16.7
685,17137,9.1,40.2,31.4,19.3
686,17139,15.3,33.4,32.7,18.6
687,17141,9.8,33.4,35.4,21.4
688,17143,9.1,27.6,32.7,30.6
689,17145,16.7,36.6,34.2,12.5
690,17147,6.1,33.9,31.4,28.6
691,17149,11.3,38.7,32.2,17.8
692,17151,14.0,36.0,36.9,13.1
693,17153,11.2,36.3,40.0,12.5
694,17155,7.3,38.1,38.0,16.6
695,17157,15.7,37.3,33.7,13.3
696,17159,10.9,29.9,38.2,21.0
697,17161,11.4,29.5,35.6,23.5
698,17163,8.9,28.1,34.9,28.0
699,17165,13.3,27.5,40.0,19.2
700,17167,7.5,27.2,30.8,34.5
701,17169,10.6,35.6,33.4,20.4
702,17171,6.5,47.7,29.9,15.8
703,17173,7.7,44.4,31.0,16.8
704,17175,8.7,41.6,32.6,17.0
705,17177,7.5,35.0,38.0,19.6
706,17179,7.3,31.7,34.7,26.3
707,17181,11.6,35.4,31.2,21.7
708,17183,11.5,41.2,32.5,14.7
709,17185,9.4,30.7,41.7,18.2
710,17187,13.3,32.0,31.9,22.8
711,17189,7.8,33.4,37.9,20.9
712,17191,12.1,34.9,37.7,15.4
713,17193,10.1,37.4,37.1,15.5
714,17195,9.4,37.7,34.6,18.2
715,17197,9.0,26.9,29.8,34.3
716,17199,7.7,31.1,36.9,24.3
717,17201,12.3,31.7,33.1,22.9
718,17203,5.2,31.3,30.3,33.2
719,18000,11.2,33.4,29.0,26.5
720,18001,15.3,40.6,28.7,15.5
721,18003,10.6,28.2,32.6,28.5
722,18005,9.4,30.8,26.3,33.5
723,18007,10.1,42.8,30.9,16.1
724,18009,10.6,49.6,26.4,13.5
725,18011,6.3,19.5,24.9,49.3
726,18013,7.9,32.9,30.3,28.9
727,18015,11.6,40.8,31.0,16.7
728,18017,14.6,39.9,32.1,13.3
729,18019,10.6,34.6,33.7,21.2
730,18021,8.6,43.8,30.6,17.0
731,18023,14.3,43.2,26.1,16.3
732,18025,19.6,45.9,24.2,10.3
733,18027,26.2,34.0,26.6,13.2
734,18029,10.4,38.9,27.9,22.9
735,18031,9.1,44.0,26.3,20.6
736,18033,9.8,42.2,30.0,18.0
737,18035,10.3,35.1,30.9,23.7
738,18037,10.7,38.3,27.2,23.7
739,18039,19.2,34.7,26.3,19.8
740,18041,17.9,42.1,26.7,13.3
741,18043,9.2,30.9,30.3,29.6
742,18045,11.0,43.7,30.4,14.9
743,18047,12.7,42.5,23.7,21.1
744,18049,12.2,40.6,31.3,15.8
745,18051,8.1,40.9,33.0,18.0
746,18053,12.8,40.5,28.9,17.9
747,18055,12.1,41.1,31.9,14.9
748,18057,3.2,14.9,22.5,59.3
749,18059,7.1,32.7,29.3,30.8
750,18061,11.6,39.6,30.1,18.7
751,18063,6.0,27.5,29.5,37.0
752,18065,10.7,43.7,29.1,16.4
753,18067,10.5,35.9,32.0,21.6
754,18069,8.2,41.3,30.4,20.1
755,18071,12.7,41.9,28.7,16.7
756,18073,11.8,43.2,30.8,14.3
757,18075,12.0,48.9,27.7,11.4
758,18077,10.3,42.3,29.5,17.9
759,18079,12.2,45.8,30.0,12.0
760,18081,7.9,31.1,28.3,32.7
761,18083,11.3,35.8,36.0,16.9
762,18085,14.3,34.8,27.5,23.3
763,18087,38.2,30.5,20.8,10.5
764,18089,11.3,35.1,31.0,22.6
765,18091,11.5,39.6,30.9,18.0
766,18093,11.7,42.3,30.2,15.8
767,18095,11.6,39.4,30.6,18.4
768,18097,13.9,28.0,27.2,30.9
769,18099,15.1,38.8,26.5,19.7
770,18101,11.9,42.7,31.6,13.7
771,18103,13.9,42.0,31.1,13.0
772,18105,7.3,22.2,24.8,45.7
773,18107,10.2,41.3,30.3,18.2
774,18109,11.9,39.3,31.6,17.3
775,18111,14.3,42.8,31.1,11.9
776,18113,16.4,42.0,27.9,13.7
777,18115,12.4,43.1,29.8,14.7
778,18117,16.8,46.6,25.7,10.9
779,18119,14.6,44.4,27.9,13.1
780,18121,13.8,40.5,33.7,12.0
781,18123,9.7,44.7,29.5,16.1
782,18125,13.2,41.7,30.9,14.1
783,18127,6.4,35.0,30.1,28.4
784,18129,6.6,38.2,33.3,21.9
785,18131,11.5,46.1,29.7,12.8
786,18133,11.1,42.4,29.7,16.8
787,18135,12.5,43.4,29.7,14.3
788,18137,10.7,43.6,27.6,18.0
789,18139,12.6,46.4,27.0,13.9
790,18141,11.5,30.7,28.2,29.6
791,18143,16.8,43.5,27.7,12.0
792,18145,12.7,42.4,26.2,18.7
793,18147,9.5,46.0,29.2,15.2
794,18149,15.1,42.1,30.9,11.9
795,18151,8.9,39.6,29.8,21.8
796,18153,11.3,44.2,32.4,12.1
797,18155,16.1,46.4,26.6,10.9
798,18157,8.4,25.4,27.5,38.7
799,18159,10.7,40.8,23.8,24.7
800,18161,12.6,43.4,25.6,18.5
801,18163,9.9,32.5,30.6,27.0
802,18165,9.0,43.4,33.4,14.2
803,18167,11.6,32.0,31.2,25.1
804,18169,11.2,42.6,28.0,18.1
805,18171,8.0,41.8,30.8,19.4
806,18173,6.8,31.3,31.7,30.3
807,18175,15.0,43.1,28.5,13.4
808,18177,13.5,37.3,30.9,18.2
809,18179,7.8,40.2,33.8,18.2
810,18181,11.2,41.6,30.8,16.4
811,18183,8.2,39.2,31.9,20.7
812,19000,7.9,31.0,32.5,28.6
813,19001,5.8,40.5,35.2,18.5
814,19003,6.2,39.1,39.1,15.6
815,19005,11.7,39.4,31.1,17.8
816,19007,9.8,36.5,37.3,16.3
817,19009,10.5,37.1,35.3,17.1
818,19011,5.9,36.9,35.0,22.1
819,19013,8.6,30.5,31.8,29.1
820,19015,6.1,31.5,37.1,25.3
821,19017,3.6,32.9,32.8,30.7
822,19019,5.9,38.5,34.0,21.5
823,19021,21.6,30.3,28.4,19.7
824,19023,7.5,38.0,37.3,17.3
825,19025,6.2,38.0,37.1,18.7
826,19027,6.5,36.7,34.5,22.4
827,19029,12.0,37.9,30.0,20.1
828,19031,4.4,37.6,35.8,22.2
829,19033,7.3,30.6,38.5,23.6
830,19035,6.9,35.8,35.1,22.2
831,19037,7.2,43.6,32.0,17.2
832,19039,12.2,38.9,32.9,16.0
833,19041,6.4,34.4,36.4,22.7
834,19043,10.1,43.2,29.0,17.7
835,19045,9.1,38.8,34.2,17.9
836,19047,19.8,37.4,28.5,14.3
837,19049,4.4,17.7,27.6,50.4
838,19051,16.9,32.5,31.1,19.5
839,19053,10.9,37.5,26.6,25.0
840,19055,8.3,42.8,32.3,16.6
841,19057,8.0,33.5,38.4,20.1
842,19059,4.0,26.3,36.2,33.6
843,19061,7.3,32.7,29.2,30.8
844,19063,9.3,32.8,39.0,18.8
845,19065,8.3,39.6,33.8,18.3
846,19067,9.9,35.4,34.9,19.8
847,19069,8.9,35.9,37.2,18.0
848,19071,7.9,33.6,39.6,18.9
849,19073,6.6,39.7,35.1,18.7
850,19075,5.4,31.6,35.1,27.9
851,19077,6.9,38.9,34.4,19.8
852,19079,6.7,32.4,36.6,24.3
853,19081,6.7,36.3,33.2,23.8
854,19083,7.6,34.7,37.0,20.8
855,19085,8.5,37.2,34.9,19.5
856,19087,7.4,36.0,36.9,19.6
857,19089,9.1,40.0,35.1,15.8
858,19091,7.2,37.0,34.6,21.2
859,19093,6.8,38.8,35.8,18.6
860,19095,6.2,37.1,37.8,18.8
861,19097,7.4,42.0,31.4,19.2
862,19099,6.1,41.4,33.8,18.8
863,19101,6.8,28.0,33.7,31.5
864,19103,5.1,16.3,25.9,52.8
865,19105,7.7,39.6,33.3,19.5
866,19107,7.1,40.4,34.2,18.3
867,19109,6.1,37.4,39.0,17.5
868,19111,7.0,40.8,35.7,16.4
869,19113,5.5,27.0,34.3,33.1
870,19115,15.9,37.7,31.5,14.9
871,19117,7.9,41.3,33.8,17.0
872,19119,9.4,37.1,32.8,20.7
873,19121,5.8,36.6,33.2,24.5
874,19123,7.8,39.6,30.6,22.0
875,19125,6.7,34.1,30.4,28.8
876,19127,16.2,34.2,30.8,18.8
877,19129,7.2,34.1,34.6,24.1
878,19131,8.2,38.4,34.3,19.0
879,19133,7.7,38.3,38.7,15.3
880,19135,12.3,39.1,31.3,17.4
881,19137,9.6,35.2,36.8,18.5
882,19139,11.0,35.3,32.2,21.5
883,19141,7.9,39.9,33.5,18.8
884,19143,11.6,36.6,34.0,17.9
885,19145,8.5,36.5,34.8,20.2
886,19147,7.3,29.2,38.0,25.5
887,19149,6.9,33.9,36.1,23.2
888,19151,7.8,39.4,37.8,15.0
889,19153,8.5,24.5,30.3,36.7
890,19155,10.5,32.7,35.3,21.5
891,19157,6.1,37.9,29.9,26.1
892,19159,7.3,36.9,34.5,21.4
893,19161,7.2,36.9,35.9,20.0
894,19163,7.2,29.6,31.4,31.8
895,19165,7.6,35.3,34.9,22.2
896,19167,9.8,30.2,31.0,29.1
897,19169,2.8,17.4,28.1,51.6
898,19171,8.7,40.0,35.5,15.8
899,19173,9.8,38.5,37.2,14.5
900,19175,9.7,35.5,36.7,18.0
901,19177,10.8,38.9,35.8,14.4
902,19179,11.9,34.9,34.4,18.8
903,19181,4.6,30.8,32.7,31.9
904,19183,8.6,39.3,30.3,21.8
905,19185,12.1,44.4,30.9,12.7
906,19187,9.5,33.9,36.7,19.9
907,19189,7.6,34.1,36.6,21.8
908,19191,4.8,33.0,31.6,30.6
909,19193,12.9,32.2,31.8,23.1
910,19195,6.7,36.4,39.4,17.5
911,19197,7.6,36.9,38.2,17.2
912,20000,9.0,25.9,31.7,33.4
913,20001,8.1,33.1,38.5,20.3
914,20003,9.0,42.0,30.9,18.1
915,20005,7.3,38.4,32.3,22.0
916,20007,8.9,33.7,36.7,20.7
917,20009,10.5,32.0,36.6,20.9
918,20011,8.7,31.5,38.2,21.7
919,20013,6.8,37.4,34.7,21.2
920,20015,7.5,25.9,36.9,29.8
921,20017,8.2,29.1,37.3,25.5
922,20019,13.4,34.8,35.9,15.9
923,20021,10.1,32.7,37.5,19.6
924,20023,6.4,30.9,33.8,28.9
925,20025,5.2,27.2,41.5,26.1
926,20027,7.1,35.2,31.0,26.7
927,20029,7.0,31.6,37.4,24.0
928,20031,7.3,32.1,36.1,24.5
929,20033,6.1,34.9,43.0,16.0
930,20035,9.3,29.9,39.0,21.8
931,20037,7.9,29.3,33.0,29.9
932,20039,6.0,35.4,36.1,22.5
933,20041,8.5,33.2,35.4,22.9
934,20043,9.7,36.8,32.4,21.1
935,20045,4.6,18.4,27.4,49.6
936,20047,14.6,28.2,39.1,18.1
937,20049,11.5,42.6,30.3,15.6
938,20051,6.7,26.9,30.1,36.3
939,20053,8.4,34.3,37.8,19.5
940,20055,29.0,22.2,31.8,17.1
941,20057,26.4,25.3,30.6,17.7
942,20059,7.8,37.6,34.2,20.4
943,20061,6.2,25.0,45.6,23.2
944,20063,7.9,36.3,36.1,19.7
945,20065,7.4,31.9,36.0,24.7
946,20067,23.0,25.9,36.2,14.9
947,20069,22.6,22.5,34.6,20.2
948,20071,13.0,26.9,33.0,27.2
949,20073,7.6,36.3,36.2,19.9
950,20075,19.2,39.9,22.2,18.7
951,20077,10.4,39.1,34.3,16.2
952,20079,9.5,23.7,33.5,33.2
953,20081,27.6,19.3,36.0,17.1
954,20083,8.9,20.8,39.5,30.8
955,20085,5.4,39.0,35.3,20.2
956,20087,6.5,39.7,30.6,23.2
957,20089,6.9,39.5,34.3,19.3
958,20091,4.0,14.5,25.5,56.0
959,20093,24.1,32.4,28.8,14.7
960,20095,6.4,33.0,36.2,24.4
961,20097,11.8,27.1,33.0,28.1
962,20099,10.2,31.8,39.3,18.7
963,20101,5.7,31.9,39.4,23.1
964,20103,7.8,28.3,32.4,31.5
965,20105,6.7,31.1,39.4,22.8
966,20107,10.3,38.9,34.7,16.2
967,20109,9.0,28.1,46.3,16.6
968,20111,11.7,29.3,31.5,27.5
969,20113,8.7,27.9,35.4,28.0
970,20115,8.4,30.3,36.2,25.0
971,20117,7.8,42.2,31.1,18.9
972,20119,19.3,26.4,34.0,20.3
973,20121,4.0,31.8,34.4,29.8
974,20123,5.2,30.4,38.4,26.1
975,20125,11.2,29.2,40.1,19.5
976,20127,8.8,36.1,33.7,21.4
977,20129,16.0,28.0,38.7,17.3
978,20131,5.8,39.8,29.0,25.4
979,20133,9.2,32.5,40.1,18.1
980,20135,9.1,31.1,40.4,19.4
981,20137,10.9,34.7,35.6,18.8
982,20139,9.2,39.1,32.4,19.2
983,20141,6.1,34.6,35.7,23.6
984,20143,5.1,35.4,35.1,24.5
985,20145,9.4,33.1,38.0,19.6
986,20147,7.6,36.6,34.0,21.8
987,20149,5.8,29.1,31.4,33.8
988,20151,7.9,24.9,36.9,30.3
989,20153,4.2,29.8,41.9,24.1
990,20155,11.5,27.7,39.9,20.9
991,20157,4.1,34.5,35.9,25.5
992,20159,8.4,29.3,39.5,22.8
993,20161,4.2,19.1,31.1,45.6
994,20163,11.3,30.4,35.2,23.1
995,20165,7.9,29.8,38.6,23.7
996,20167,11.9,27.2,37.7,23.1
997,20169,8.5,30.1,34.1,27.3
998,20171,15.6,27.0,32.4,25.1
999,20173,10.4,26.3,32.4,30.9
1000,20175,33.7,28.7,26.6,11.0
1001,20177,7.8,31.4,29.9,30.9
1002,20179,3.9,34.1,40.0,22.0
1003,20181,7.7,30.3,40.3,21.8
1004,20183,7.0,35.9,34.8,22.3
1005,20185,9.3,29.3,36.1,25.2
1006,20187,21.5,29.6,30.0,19.0
1007,20189,21.8,25.8,38.7,13.7
1008,20191,7.7,34.9,34.1,23.3
1009,20193,6.7,26.4,44.3,22.6
1010,20195,6.8,31.1,37.3,24.8
1011,20197,4.6,34.9,36.3,24.2
1012,20199,5.3,25.8,36.4,32.4
1013,20201,8.4,40.7,30.5,20.3
1014,20203,13.4,27.5,38.5,20.6
1015,20205,11.5,33.9,38.1,16.5
1016,20207,9.3,35.2,38.3,17.2
1017,20209,21.1,32.1,28.6,18.1
1018,21000,13.7,32.9,29.2,24.2
1019,21001,20.4,39.0,24.9,15.7
1020,21003,17.9,38.5,27.5,16.1
1021,21005,10.1,36.6,33.1,20.2
1022,21007,12.8,36.4,34.8,15.9
1023,21009,17.0,42.0,24.7,16.3
1024,21011,23.1,41.2,21.2,14.5
1025,21013,30.4,38.5,22.0,9.2
1026,21015,6.9,27.5,33.5,32.1
1027,21017,16.0,35.6,28.9,19.4
1028,21019,11.8,33.9,35.0,19.4
1029,21021,12.9,33.5,28.5,25.2
1030,21023,14.3,46.4,26.2,13.2
1031,21025,24.4,36.7,23.7,15.2
1032,21027,15.9,44.9,27.2,11.9
1033,21029,11.5,41.6,32.1,14.7
1034,21031,20.4,42.9,22.8,13.9
1035,21033,13.0,45.0,26.7,15.3
1036,21035,10.5,32.1,28.9,28.5
1037,21037,9.2,28.2,26.2,36.3
1038,21039,16.7,40.4,28.0,14.9
1039,21041,21.7,40.3,29.8,8.2
1040,21043,20.8,40.3,26.3,12.6
1041,21045,24.0,40.6,22.7,12.8
1042,21047,14.4,31.0,36.4,18.1
1043,21049,13.8,34.3,31.8,20.1
1044,21051,35.3,35.3,19.5,9.8
1045,21053,26.8,39.8,23.2,10.3
1046,21055,16.2,42.0,28.8,13.1
1047,21057,18.2,43.0,25.4,13.3
1048,21059,10.0,34.1,32.9,22.9
1049,21061,21.9,39.3,28.5,10.3
1050,21063,25.0,43.4,21.9,9.7
1051,21065,24.4,45.8,20.0,9.9
1052,21067,8.8,19.6,28.0,43.6
1053,21069,20.4,40.3,26.5,12.9
1054,21071,24.8,37.8,26.1,11.3
1055,21073,11.0,31.3,27.8,29.9
1056,21075,20.9,37.4,28.2,13.4
1057,21077,18.8,44.2,25.4,11.6
1058,21079,19.0,37.1,26.4,17.6
1059,21081,13.4,47.4,26.3,12.9
1060,21083,12.6,39.5,30.6,17.4
1061,21085,18.5,43.0,28.0,10.5
1062,21087,24.5,37.8,24.5,13.2
1063,21089,11.0,36.0,35.9,17.1
1064,21091,14.6,43.4,30.6,11.4
1065,21093,9.5,30.4,38.1,22.0
1066,21095,27.2,34.6,27.4,10.8
1067,21097,17.9,40.3,27.1,14.6
1068,21099,23.8,40.3,24.4,11.4
1069,21101,13.1,36.0,32.7,18.2
1070,21103,14.9,41.2,30.8,13.1
1071,21105,19.9,41.7,22.6,15.8
1072,21107,13.3,40.4,29.8,16.5
1073,21109,25.4,42.7,18.1,13.8
1074,21111,9.4,26.7,30.5,33.4
1075,21113,12.7,30.5,27.3,29.5
1076,21115,19.4,36.3,28.0,16.3
1077,21117,10.1,28.7,29.5,31.7
1078,21119,24.9,33.7,26.5,14.9
1079,21121,26.5,38.0,21.3,14.2
1080,21123,16.0,39.2,32.4,12.4
1081,21125,18.9,39.1,27.5,14.4
1082,21127,24.9,42.5,22.8,9.8
1083,21129,31.9,36.3,23.5,8.3
1084,21131,28.7,41.9,20.8,8.7
1085,21133,24.3,37.0,26.5,12.1
1086,21135,24.2,42.8,24.0,9.1
1087,21137,20.1,42.7,24.2,13.0
1088,21139,16.2,43.6,28.3,11.8
1089,21141,15.1,44.5,24.1,16.4
1090,21143,12.2,41.1,29.8,16.9
1091,21145,9.5,31.4,34.9,24.2
1092,21147,23.4,40.9,28.4,7.2
1093,21149,12.7,41.2,32.6,13.5
1094,21151,12.5,28.1,28.7,30.8
1095,21153,30.3,36.4,23.8,9.5
1096,21155,18.5,45.3,23.5,12.6
1097,21157,11.3,38.2,31.2,19.2
1098,21159,25.6,39.0,23.7,11.7
1099,21161,13.7,34.7,32.1,19.5
1100,21163,11.3,35.5,33.8,19.4
1101,21165,22.6,44.7,21.5,11.2
1102,21167,15.6,36.8,29.1,18.5
1103,21169,24.4,38.6,24.0,13.0
1104,21171,25.2,39.3,21.1,14.4
1105,21173,15.2,40.3,28.9,15.7
1106,21175,23.7,41.4,22.4,12.5
1107,21177,17.9,44.8,24.8,12.6
1108,21179,10.2,37.2,34.5,18.0
1109,21181,24.2,42.1,24.8,8.9
1110,21183,16.7,43.0,26.7,13.6
1111,21185,6.2,20.7,30.8,42.4
1112,21187,20.7,46.4,21.9,10.9
1113,21189,31.2,36.8,15.8,16.2
1114,21191,16.2,43.8,26.8,13.2
1115,21193,23.1,33.0,29.5,14.4
1116,21195,23.0,39.4,24.5,13.0
1117,21197,19.7,40.0,24.4,15.9
1118,21199,17.2,35.7,30.7,16.5
1119,21201,15.3,38.3,30.1,16.3
1120,21203,21.6,43.4,23.6,11.4
1121,21205,15.8,33.4,25.7,25.1
1122,21207,21.5,38.0,25.9,14.7
1123,21209,9.0,30.3,32.3,28.4
1124,21211,13.5,30.3,31.3,24.9
1125,21213,13.0,44.9,27.9,14.2
1126,21215,9.6,36.3,33.8,20.3
1127,21217,12.9,39.2,28.3,19.6
1128,21219,22.5,40.5,23.7,13.2
1129,21221,12.0,33.2,38.3,16.6
1130,21223,17.2,46.3,22.4,14.1
1131,21225,10.0,47.8,31.1,11.1
1132,21227,11.9,26.6,29.3,32.2
1133,21229,16.0,42.4,22.8,18.8
1134,21231,25.4,38.7,23.6,12.3
1135,21233,17.5,47.0,25.4,10.0
1136,21235,18.6,36.9,24.1,20.4
1137,21237,28.2,37.4,25.7,8.7
1138,21239,8.9,29.8,27.5,33.8
1139,22000,14.8,34.0,27.1,24.1
1140,22001,21.0,41.3,24.3,13.3
1141,22003,20.3,44.3,24.1,11.3
1142,22005,11.4,32.3,29.9,26.4
1143,22007,25.6,45.1,19.7,9.6
1144,22009,23.2,37.8,26.7,12.3
1145,22011,14.7,38.1,29.5,17.8
1146,22013,15.9,44.5,26.7,12.8
1147,22015,10.3,29.7,34.8,25.2
1148,22017,13.0,33.7,29.8,23.5
1149,22019,13.2,34.1,30.5,22.3
1150,22021,23.3,42.5,20.3,13.8
1151,22023,15.3,40.3,31.8,12.7
1152,22025,25.7,39.4,21.1,13.8
1153,22027,20.5,43.5,23.2,12.8
1154,22029,19.8,40.8,25.3,14.1
1155,22031,17.4,42.6,25.1,14.8
1156,22033,9.5,27.3,28.3,34.9
1157,22035,29.5,40.5,21.1,8.9
1158,22037,20.0,43.5,23.9,12.7
1159,22039,24.3,41.5,22.6,11.6
1160,22041,25.0,42.1,20.9,12.0
1161,22043,17.5,46.8,27.1,8.5
1162,22045,20.1,43.7,22.7,13.6
1163,22047,20.4,41.3,24.4,13.9
1164,22049,19.4,42.6,24.1,14.0
1165,22051,14.3,30.8,28.0,26.8
1166,22053,18.7,40.4,24.0,16.9
1167,22055,11.4,30.4,25.2,33.0
1168,22057,21.8,40.5,20.8,16.9
1169,22059,22.4,42.5,21.4,13.6
1170,22061,11.5,26.8,26.0,35.6
1171,22063,14.8,38.1,27.4,19.7
1172,22065,26.1,36.9,24.1,12.8
1173,22067,20.5,42.9,23.7,13.0
1174,22069,11.6,35.1,34.2,19.0
1175,22071,13.5,22.8,26.2,37.6
1176,22073,13.5,34.1,28.2,24.2
1177,22075,16.3,35.5,29.2,19.1
1178,22077,20.2,39.3,25.6,14.9
1179,22079,14.5,36.7,27.9,20.9
1180,22081,19.2,43.2,23.7,13.9
1181,22083,21.7,40.9,24.2,13.2
1182,22085,14.3,46.6,25.8,13.3
1183,22087,19.8,32.6,36.0,11.6
1184,22089,10.0,34.5,30.3,25.3
1185,22091,22.5,38.5,22.4,16.7
1186,22093,14.6,41.1,27.9,16.3
1187,22095,13.9,38.8,31.4,15.9
1188,22097,23.3,41.2,20.8,14.8
1189,22099,18.1,43.0,24.4,14.5
1190,22101,17.2,51.0,21.6,10.2
1191,22103,9.5,26.6,30.1,33.8
1192,22105,16.4,37.2,26.5,20.0
1193,22107,22.5,46.1,20.0,11.4
1194,22109,21.0,38.9,24.4,15.6
1195,22111,14.3,44.8,23.6,17.2
1196,22113,22.1,41.3,22.4,14.2
1197,22115,13.2,40.2,29.0,17.5
1198,22117,20.5,44.7,23.2,11.6
1199,22119,16.1,42.0,26.5,15.4
1200,22121,12.8,37.2,28.0,22.0
1201,22123,21.2,45.7,21.4,11.7
1202,22125,17.9,31.8,26.1,24.2
1203,22127,18.2,45.8,22.1,13.9
1204,23000,7.4,31.5,29.3,31.8
1205,23001,9.8,35.5,32.0,22.8
1206,23003,11.4,37.3,32.0,19.2
1207,23005,4.9,22.2,25.4,47.6
1208,23007,7.4,38.0,29.7,24.8
1209,23009,5.9,30.8,29.2,34.1
1210,23011,7.5,32.7,31.8,28.1
1211,23013,6.4,32.9,27.1,33.5
1212,23015,6.9,34.4,25.2,33.5
1213,23017,8.1,42.0,30.7,19.2
1214,23019,8.0,33.6,30.7,27.7
1215,23021,9.7,40.7,31.1,18.4
1216,23023,6.0,30.0,27.7,36.4
1217,23025,11.6,40.4,31.5,16.5
1218,23027,7.8,32.2,28.6,31.4
1219,23029,10.7,38.0,29.2,22.0
1220,23031,6.8,30.0,30.7,32.5
1221,24000,9.8,24.6,25.4,40.2
1222,24001,9.8,41.8,29.5,18.9
1223,24003,7.6,23.7,27.0,41.7
1224,24005,8.5,25.8,26.4,39.4
1225,24009,5.3,30.3,32.0,32.4
1226,24011,15.7,39.9,26.0,18.4
1227,24013,7.3,29.4,26.9,36.4
1228,24015,10.5,36.1,29.4,23.9
1229,24017,6.8,31.7,32.6,28.9
1230,24019,12.1,38.5,28.2,21.2
1231,24021,7.5,24.1,27.0,41.4
1232,24023,10.2,43.3,25.6,20.9
1233,24025,7.3,26.0,30.0,36.7
1234,24027,4.5,13.5,19.5,62.6
1235,24029,11.4,29.8,23.6,35.1
1236,24031,9.0,13.4,18.7,58.9
1237,24033,13.3,25.8,27.8,33.1
1238,24035,6.8,28.9,27.8,36.5
1239,24037,10.2,30.3,27.6,31.9
1240,24039,18.7,39.7,27.2,14.4
1241,24041,8.8,24.5,26.2,40.6
1242,24043,12.8,36.5,28.8,21.9
1243,24045,12.8,32.3,27.7,27.2
1244,24047,8.7,31.8,30.5,29.0
1245,24510,14.8,29.1,24.2,31.9
1246,25000,9.2,24.0,23.0,43.7
1247,25001,4.5,23.7,28.3,43.4
1248,25003,8.7,29.4,28.4,33.6
1249,25005,14.3,29.9,27.1,28.7
1250,25007,5.2,23.6,26.3,44.9
1251,25009,10.7,25.1,24.4,39.9
1252,25011,6.7,28.5,27.5,37.3
1253,25013,14.2,30.7,28.0,27.1
1254,25015,5.3,22.6,23.8,48.3
1255,25017,6.6,19.0,18.1,56.3
1256,25019,4.4,19.8,23.0,52.8
1257,25021,6.1,19.2,21.1,53.6
1258,25023,7.1,27.8,27.5,37.6
1259,25025,13.7,22.1,18.2,46.1
1260,25027,9.3,27.8,26.6,36.4
1261,26000,9.2,28.9,32.8,29.1
1262,26001,10.7,39.3,33.1,16.9
1263,26003,10.1,45.2,27.3,17.4
1264,26005,9.1,37.9,30.4,22.6
1265,26007,8.1,33.7,40.2,18.0
1266,26009,8.3,31.5,31.3,28.8
1267,26011,11.5,41.9,34.0,12.6
1268,26013,10.8,40.6,32.8,15.8
1269,26015,7.3,37.7,33.8,21.1
1270,26017,9.5,34.6,36.6,19.3
1271,26019,6.7,31.2,31.8,30.3
1272,26021,10.3,28.1,33.8,27.8
1273,26023,10.9,41.5,33.2,14.4
1274,26025,9.0,36.8,33.2,21.0
1275,26027,12.3,33.2,35.4,19.2
1276,26029,6.0,29.7,33.2,31.1
1277,26031,9.9,38.0,31.4,20.7
1278,26033,10.0,34.1,34.7,21.2
1279,26035,15.5,36.6,35.3,12.6
1280,26037,5.5,26.8,35.7,32.1
1281,26039,10.1,33.0,37.5,19.4
1282,26041,5.9,33.8,39.4,21.0
1283,26043,5.0,33.2,36.1,25.7
1284,26045,5.7,27.7,38.8,27.8
1285,26047,6.1,24.7,35.8,33.4
1286,26049,9.4,31.6,37.8,21.2
1287,26051,13.0,39.3,34.2,13.5
1288,26053,6.3,37.3,36.9,19.4
1289,26055,4.8,24.0,35.2,36.0
1290,26057,8.9,40.4,35.3,15.4
1291,26059,11.8,38.9,32.0,17.3
1292,26061,7.2,33.1,27.1,32.6
1293,26063,10.9,41.6,31.5,16.0
1294,26065,7.1,22.0,32.1,38.9
1295,26067,9.5,39.1,35.0,16.4
1296,26069,11.1,38.3,34.8,15.9
1297,26071,8.9,41.9,30.7,18.5
1298,26073,8.5,31.8,30.6,29.1
1299,26075,9.2,32.6,36.0,22.2
1300,26077,6.4,22.0,32.8,38.8
1301,26079,12.7,42.1,33.3,11.9
1302,26081,9.3,24.1,30.9,35.7
1303,26083,3.6,35.4,29.0,32.0
1304,26085,17.6,40.6,30.0,11.9
1305,26087,9.1,35.8,36.8,18.3
1306,26089,4.3,21.6,29.3,44.7
1307,26091,9.1,36.9,33.0,21.0
1308,26093,4.8,25.8,34.0,35.4
1309,26095,11.6,36.8,33.2,18.4
1310,26097,9.3,34.0,33.4,23.3
1311,26099,10.1,29.7,35.4,24.9
